Q2=0.07 GeV 10/18/22

FVAL  = 3.94599749049382817e-05
Edm   = 6.96879052065990855e-06
Nfcn  = 20
la	  = 0.7	 +/-  0.0428893
lb	  = 0.7	 +/-  0.0786071	(limited)
S1	  = 0.711	 (fixed)
M1	  = 1	 (fixed)
E1	  = 1	 (fixed)
Minimum: f(0.7,0.7): 3.946e-05
dla: 0.0428893 dlb: 0.0786071
 alpha: 6.3296149707e-04 alpha low: 6.0154078763e-04 alpha high: 6.6104668766e-04
 beta:  1.5295885215e-04 beta low: 2.0014577881e-04 beta high: 1.1453018926e-04


Q2=0.15 GeV 10/18/22

 FVAL  = 6.82097136824090115e-05
Edm   = 1.97271172676884316e-05
Nfcn  = 20
la	  = 0.7	 +/-  0.0245859
lb	  = 0.7	 +/-  0.0443364	(limited)
S1	  = 0.711	 (fixed)
M1	  = 1	 (fixed)
E1	  = 1	 (fixed)
Minimum: f(0.7,0.7): 6.82097e-05
dla: 0.0245859 dlb: 0.0443364
 alpha: 4.9627571823e-04 alpha low: 4.7643208411e-04 alpha high: 5.1517280501e-04
 beta:  1.4007596460e-04 beta low: 1.6857875579e-04 beta high: 1.1397483444e-04


Q2=0.05 E=1.1 11/18/22

FVAL  = 1.84941249093462054e-05
Edm   = 3.03007761136177476e-06
Nfcn  = 22
la	  = 0.7	 +/-  0.0610509
lb	  = 0.7	 +/-  0.117448	(limited)
S1	  = 0.711	 (fixed)
M1	  = 1	 (fixed)
E1	  = 1	 (fixed)
Minimum: f(0.7,0.7): 1.84941e-05
dla: 0.0610509 dlb: 0.117448
 alpha: 6.7693290625e-04 alpha low: 6.3360222343e-04 alpha high: 7.1346980749e-04
 beta:  1.5579710917e-04 beta low: 2.2649800018e-04 beta high: 1.0482225803e-04


Q2=0.05 E=2.2 11/18/22

FVAL  = 2.01008942035402075e-05
Edm   = 1.16095082965871234e-06
Nfcn  = 22
la	  = 0.7	 +/-  0.0576012
lb	  = 0.7	 +/-  0.105304	(limited)
S1	  = 0.711	 (fixed)
M1	  = 1	 (fixed)
E1	  = 1	 (fixed)
Minimum: f(0.7,0.7): 2.01009e-05
dla: 0.0576012 dlb: 0.105304
 alpha: 6.7693290625e-04 alpha low: 6.3625337210e-04 alpha high: 7.1156584005e-04
 beta:  1.5579710917e-04 beta low: 2.1806899263e-04 beta high: 1.0936599285e-04
