99  0.02  1230  0  0	0.946	9.541	0.1336  0   0   -1.102 3.295  -3.404 2.133  -.042 -.921  1.752 39.116  -.071 -1.585  -3.172 .449  1.003 .498   -6.614 -73.063  -3.389 52.689  2.310 -80.651  3.094 -.209  -9.414 8.859  -2.843 2.850  1.250 -.672  -.488 26.153  .846 -1.098  -11.834 3.108  -9.304  2.444  -6.199 .588  -5.631 .472  6.788 1.223  2.799 .504  1.278 -.058  -1.657 .076  .894 -.041  .961 .056  4.757 .183
99  0.02  1230  11  0  0.946  9.040  0.1266   0   0   -1.102 3.295  -3.404 2.133  -.042 -.921  1.752 39.116  -.071 -1.585  -3.172 .449  1.003 .498   -6.415 -71.658  -3.428 52.690  2.406 -80.647  3.068 -.209  -9.307 8.733  -2.783 2.847  1.250 -.672  -.488 26.153  .846 -1.098  -11.834 3.108  -9.304  2.444  -6.199 .588  -5.631 .472  6.788 1.223  2.799 .504  1.278 -.058  -1.657 .076  .894 -.041  .961 .056  4.757 .183
99  0.02  1230  11  180  0.946  10.278	0.1439   0   0   -1.102 3.295  -3.404 2.133  -.042 -.921  1.752 39.116  -.071 -1.585  -3.172 .449  1.003 .498   -6.415 -71.658  -3.428 52.690  2.406 -80.647  3.068 -.209  -9.307 8.733  -2.783 2.847  1.250 -.672  -.488 26.153  .846 -1.098  -11.834 3.108  -9.304  2.444  -6.199 .588  -5.631 .472  6.788 1.223  2.799 .504  1.278 -.058  -1.657 .076  .894 -.041  .961 .056  4.757 .183
99  0.02  1230  19  0  0.946  8.849	0.1239   0   0   -1.102 3.295  -3.404 2.133  -.042 -.921  1.752 39.116  -.071 -1.585  -3.172 .449  1.003 .498   -6.038 -68.896  -3.503 52.691  2.590 -80.638  3.016 -.211  -9.098 8.485  -2.667 2.842  1.250 -.672  -.488 26.153  .846 -1.098  -11.834 3.108  -9.304  2.444  -6.199 .588  -5.631 .472  6.788 1.223  2.799 .504  1.278 -.058  -1.657 .076  .894 -.041  .961 .056  4.757 .183
99  0.02  1230  19  180  0.946  10.937  0.1531   0   0   -1.102 3.295  -3.404 2.133  -.042 -.921  1.752 39.116  -.071 -1.585  -3.172 .449  1.003 .498   -6.038 -68.896  -3.503 52.691  2.590 -80.638  3.016 -.211  -9.098 8.485  -2.667 2.842  1.250 -.672  -.488 26.153  .846 -1.098  -11.834 3.108  -9.304  2.444  -6.199 .588  -5.631 .472  6.788 1.223  2.799 .504  1.278 -.058  -1.657 .076  .894 -.041  .961 .056  4.757 .183
99  0.02  1230  31  180  0.946  12.070  0.1690   0   0   -1.102 3.295  -3.404 2.133  -.042 -.921  1.752 39.116  -.071 -1.585  -3.172 .449  1.003 .498   -5.198 -62.138  -3.669 52.693  3.014 -80.619  2.894 -.214  -8.589 7.881  -2.396 2.829  1.250 -.672  -.488 26.153  .846 -1.098  -11.834 3.108  -9.304  2.444  -6.199 .588  -5.631 .472  6.788 1.223  2.799 .504  1.278 -.058  -1.657 .076  .894 -.041  .961 .056  4.757 .183
99  0.02  1230  39  180  0.946  12.878  0.1803   0   0   -1.102 3.295  -3.404 2.133  -.042 -.921  1.752 39.116  -.071 -1.585  -3.172 .449  1.003 .498   -4.526 -56.018  -3.801 52.696  3.368 -80.601  2.788 -.217  -8.131 7.336  -2.167 2.817  1.250 -.672  -.488 26.153  .846 -1.098  -11.834 3.108  -9.304  2.444  -6.199 .588  -5.631 .472  6.788 1.223  2.799 .504  1.278 -.058  -1.657 .076  .894 -.041  .961 .056  4.757 .183
99  0.02  1230  51  180  0.946  14.066  0.1969   0   0   -1.102 3.295  -3.404 2.133  -.042 -.921  1.752 39.116  -.071 -1.585  -3.172 .449  1.003 .498   -3.483 -44.712  -4.003 52.703  3.956 -80.571  2.604 -.223  -7.296 6.335  -1.781 2.795  1.250 -.672  -.488 26.153  .846 -1.098  -11.834 3.108  -9.304  2.444  -6.199 .588  -5.631 .472  6.788 1.223  2.799 .504  1.278 -.058  -1.657 .076  .894 -.041  .961 .056  4.757 .183
99  0.02  1230  59  180  0.946  14.772  0.2068   0   0   -1.102 3.295  -3.404 2.133  -.042 -.921  1.752 39.116  -.071 -1.585  -3.172 .449  1.003 .498   -2.828 -35.973  -4.125 52.709  4.356 -80.548  2.470 -.227  -6.658 5.566  -1.511 2.777  1.250 -.672  -.488 26.153  .846 -1.098  -11.834 3.108  -9.304  2.444  -6.199 .588  -5.631 .472  6.788 1.223  2.799 .504  1.278 -.058  -1.657 .076  .894 -.041  .961 .056  4.757 .183
99  0.02  1230  71  180  0.946  15.582  0.2181   0   0   -1.102 3.295  -3.404 2.133  -.042 -.921  1.752 39.116  -.071 -1.585  -3.172 .449  1.003 .498   -1.983 -21.485  -4.263 52.721  4.923 -80.513  2.264 -.234  -5.614 4.301  -1.115 2.748  1.250 -.672  -.488 26.153  .846 -1.098  -11.834 3.108  -9.304  2.444  -6.199 .588  -5.631 .472  6.788 1.223  2.799 .504  1.278 -.058  -1.657 .076  .894 -.041  .961 .056  4.757 .183
99  0.02  1230  79  180  0.946  15.902  0.2226   0   0   -1.102 3.295  -3.404 2.133  -.042 -.921  1.752 39.116  -.071 -1.585  -3.172 .449  1.003 .498   -1.530 -11.181  -4.317 52.731  5.262 -80.490  2.127 -.239  -4.881 3.406  -.868 2.726  1.250 -.672  -.488 26.153  .846 -1.098  -11.834 3.108  -9.304  2.444  -6.199 .588  -5.631 .472  6.788 1.223  2.799 .504  1.278 -.058  -1.657 .076  .894 -.041  .961 .056  4.757 .183
99  0.02  1230  81  180  0.946  15.951  0.2233   0   0   -1.102 3.295  -3.404 2.133  -.042 -.921  1.752 39.116  -.071 -1.585  -3.172 .449  1.003 .498   -1.432 -8.553  -4.325 52.734  5.340 -80.484  2.093 -.241  -4.695 3.179  -.809 2.721  1.250 -.672  -.488 26.153  .846 -1.098  -11.834 3.108  -9.304  2.444  -6.199 .588  -5.631 .472  6.788 1.223  2.799 .504  1.278 -.058  -1.657 .076  .894 -.041  .961 .056  4.757 .183
99  0.02  1230  89  180  0.946  16.021  0.2243   0   0   -1.102 3.295  -3.404 2.133  -.042 -.921  1.752 39.116  -.071 -1.585  -3.172 .449  1.003 .498   -1.091 2.074  -4.336 52.747  5.625 -80.462  1.960 -.246  -3.949 2.263  -.586 2.698  1.250 -.672  -.488 26.153  .846 -1.098  -11.834 3.108  -9.304  2.444  -6.199 .588  -5.631 .472  6.788 1.223  2.799 .504  1.278 -.058  -1.657 .076  .894 -.041  .961 .056  4.757 .183
