99  0.05  1230  0  0  0.930  10.94	0.1532   0   0   -.416 3.196  -3.014 1.755  -.043 -.955  1.825 40.747  -.068 -1.505  -3.551 .381  1.058 .439   -7.196 -76.331  -2.922 54.769  .635 -83.924  3.054 -.175  -7.908 8.083  -2.234 2.628  1.215 -.693  -.216 27.230  .670 -1.037  -11.081 2.910  -7.786  2.045  -5.597 .534  -4.867 .408  6.971 1.255  2.177 .392  1.244 -.056  -1.433 .066  .715 -.033  .181 .025  4.303 .167
99  0.05  1230  11  180  0.930  12.047	0.1687   0   0   -.416 3.196  -3.014 1.755  -.043 -.955  1.825 40.747  -.068 -1.505  -3.551 .381  1.058 .439   -6.944 -74.868  -2.975 54.770  .760 -83.921  3.025 -.176  -7.820 7.964  -2.176 2.626  1.215 -.693  -.216 27.230  .670 -1.037  -11.081 2.910  -7.786  2.045  -5.597 .534  -4.867 .408  6.971 1.255  2.177 .392  1.244 -.056  -1.433 .066  .715 -.033  .181 .025  4.303 .167
99  0.05  1230  19  180  0.930  12.978	0.1817   0   0   -.416 3.196  -3.014 1.755  -.043 -.955  1.825 40.747  -.068 -1.505  -3.551 .381  1.058 .439   -6.467 -71.993  -3.075 54.771  .998 -83.913  2.968 -.177  -7.647 7.732  -2.067 2.622  1.215 -.693  -.216 27.230  .670 -1.037  -11.081 2.910  -7.786  2.045  -5.597 .534  -4.867 .408  6.971 1.255  2.177 .392  1.244 -.056  -1.433 .066  .715 -.033  .181 .025  4.303 .167
99  0.05  1230  31  0  0.930  9.516	0.1332   0   0   -.416 3.196  -3.014 1.755  -.043 -.955  1.825 40.747  -.068 -1.505  -3.551 .381  1.058 .439   -5.408 -64.957  -3.298 54.774  1.543 -83.896  2.834 -.180  -7.227 7.165  -1.814 2.612  1.215 -.693  -.216 27.230  .670 -1.037  -11.081 2.910  -7.786  2.045  -5.597 .534  -4.867 .408  6.971 1.255  2.177 .392  1.244 -.056  -1.433 .066  .715 -.033  .181 .025  4.303 .167
99  0.05  1230  39  0  0.930  9.684	0.1356   0   0   -.416 3.196  -3.014 1.755  -.043 -.955  1.825 40.747  -.068 -1.505  -3.551 .381  1.058 .439   -4.566 -58.585  -3.476 54.778  1.996 -83.880  2.719 -.182  -6.852 6.653  -1.601 2.604  1.215 -.693  -.216 27.230  .670 -1.037  -11.081 2.910  -7.786  2.045  -5.597 .534  -4.867 .408  6.971 1.255  2.177 .392  1.244 -.056  -1.433 .066  .715 -.033  .181 .025  4.303 .167
99  0.05  1230  51  180  0.930  16.855	0.2360   0   0   -.416 3.196  -3.014 1.755  -.043 -.955  1.825 40.747  -.068 -1.505  -3.551 .381  1.058 .439   -3.265 -46.814  -3.747 54.786  2.737 -83.853  2.521 -.187  -6.170 5.712  -1.247 2.587  1.215 -.693  -.216 27.230  .670 -1.037  -11.081 2.910  -7.786  2.045  -5.597 .534  -4.867 .408  6.971 1.255  2.177 .392  1.244 -.056  -1.433 .066  .715 -.033  .181 .025  4.303 .167
99  0.05  1230  59  180  0.930  17.577	0.2461   0   0   -.416 3.196  -3.014 1.755  -.043 -.955  1.825 40.747  -.068 -1.505  -3.551 .381  1.058 .439   -2.452 -37.715  -3.910 54.793  3.234 -83.833  2.380 -.191  -5.652 4.988  -1.002 2.574  1.215 -.693  -.216 27.230  .670 -1.037  -11.081 2.910  -7.786  2.045  -5.597 .534  -4.867 .408  6.971 1.255  2.177 .392  1.244 -.056  -1.433 .066  .715 -.033  .181 .025  4.303 .167
99  0.05  1230  71  180  0.930  18.248	0.2555   0   0   -.416 3.196  -3.014 1.755  -.043 -.955  1.825 40.747  -.068 -1.505  -3.551 .381  1.058 .439   -1.404 -22.629  -4.099 54.806  3.933 -83.802  2.163 -.197  -4.808 3.796  -.647 2.552  1.215 -.693  -.216 27.230  .670 -1.037  -11.081 2.910  -7.786  2.045  -5.597 .534  -4.867 .408  6.971 1.255  2.177 .392  1.244 -.056  -1.433 .066  .715 -.033  .181 .025  4.303 .167
99  0.05  1230  79  180  0.930  18.374	0.2572   0   0   -.416 3.196  -3.014 1.755  -.043 -.955  1.825 40.747  -.068 -1.505  -3.551 .381  1.058 .439   -.840 -11.899  -4.178 54.817  4.343 -83.782  2.021 -.201  -4.218 2.952  -.428 2.536  1.215 -.693  -.216 27.230  .670 -1.037  -11.081 2.910  -7.786  2.045  -5.597 .534  -4.867 .408  6.971 1.255  2.177 .392  1.244 -.056  -1.433 .066  .715 -.033  .181 .025  4.303 .167
99  0.05  1230  81  180  0.930  18.364	0.2571   0   0   -.416 3.196  -3.014 1.755  -.043 -.955  1.825 40.747  -.068 -1.505  -3.551 .381  1.058 .439   -.716 -9.162  -4.191 54.820  4.437 -83.777  1.987 -.203  -4.069 2.738  -.376 2.532  1.215 -.693  -.216 27.230  .670 -1.037  -11.081 2.910  -7.786  2.045  -5.597 .534  -4.867 .408  6.971 1.255  2.177 .392  1.244 -.056  -1.433 .066  .715 -.033  .181 .025  4.303 .167
99  0.05  1230  89  180  0.930  18.163	0.2543   0   0   -.416 3.196  -3.014 1.755  -.043 -.955  1.825 40.747  -.068 -1.505  -3.551 .381  1.058 .439   -.285 1.904  -4.215 54.833  4.777 -83.758  1.851 -.207  -3.471 1.873  -.182 2.516  1.215 -.693  -.216 27.230  .670 -1.037  -11.081 2.910  -7.786  2.045  -5.597 .534  -4.867 .408  6.971 1.255  2.177 .392  1.244 -.056  -1.433 .066  .715 -.033  .181 .025  4.303 .167
