99  0.04  1230  0  0  0.935  10.549	0.1477   0   0   -.631 3.233  -3.139 1.875  -.043 -.946  1.806 40.317  -.069 -1.536  -3.438 .403  1.047 .460   -7.024 -75.460  -3.079 54.227  1.181 -83.068  3.069 -.185  -8.398 8.352  -2.426 2.707  1.231 -.688  -.301 26.947  .727 -1.060  -11.338 2.978  -8.269  2.172  -5.796 .552  -5.131 .430  6.928 1.248  2.374 .427  1.260 -.057  -1.505 .069  .773 -.036  .427 .035  4.467 .173
99  0.04  1230  11  180  0.935  11.554	0.1618   0   0   -.631 3.233  -3.139 1.875  -.043 -.946  1.806 40.317  -.069 -1.536  -3.438 .403  1.047 .460   -6.788 -74.012  -3.128 54.228  1.296 -83.064  3.040 -.186  -8.303 8.230  -2.368 2.705  1.231 -.688  -.301 26.947  .727 -1.060  -11.338 2.978  -8.269  2.172  -5.796 .552  -5.131 .430  6.928 1.248  2.374 .427  1.260 -.057  -1.505 .069  .773 -.036  .427 .035  4.467 .173
99  0.04  1230  19  180  0.935  12.41	0.1737   0   0   -.631 3.233  -3.139 1.875  -.043 -.946  1.806 40.317  -.069 -1.536  -3.438 .403  1.047 .460   -6.344 -71.166  -3.219 54.229  1.516 -83.057  2.984 -.187  -8.118 7.992  -2.256 2.700  1.231 -.688  -.301 26.947  .727 -1.060  -11.338 2.978  -8.269  2.172  -5.796 .552  -5.131 .430  6.928 1.248  2.374 .427  1.260 -.057  -1.505 .069  .773 -.036  .427 .035  4.467 .173
99  0.04  1230  26  0  0.935  9.323	0.1305   0   0   -.631 3.233  -3.139 1.875  -.043 -.946  1.806 40.317  -.069 -1.536  -3.438 .403  1.047 .460   -5.803 -67.484  -3.331 54.231  1.789 -83.047  2.915 -.189  -7.880 7.685  -2.116 2.695  1.231 -.688  -.301 26.947  .727 -1.060  -11.338 2.978  -8.269  2.172  -5.796 .552  -5.131 .430  6.928 1.248  2.374 .427  1.260 -.057  -1.505 .069  .773 -.036  .427 .035  4.467 .173
99  0.04  1230  34  0  0.935  9.366	0.1311   0   0   -.631 3.233  -3.139 1.875  -.043 -.946  1.806 40.317  -.069 -1.536  -3.438 .403  1.047 .460   -5.065 -61.987  -3.483 54.233  2.174 -83.033  2.814 -.191  -7.528 7.227  -1.918 2.686  1.231 -.688  -.301 26.947  .727 -1.060  -11.338 2.978  -8.269  2.172  -5.796 .552  -5.131 .430  6.928 1.248  2.374 .427  1.260 -.057  -1.505 .069  .773 -.036  .427 .035  4.467 .173
99  0.04  1230  31  180  0.935  13.815	0.1934   0   0   -.631 3.233  -3.139 1.875  -.043 -.946  1.806 40.317  -.069 -1.536  -3.438 .403  1.047 .460   -5.353 -64.204  -3.424 54.232  2.022 -83.038  2.854 -.190  -7.670 7.411  -1.997 2.690  1.231 -.688  -.301 26.947  .727 -1.060  -11.338 2.978  -8.269  2.172  -5.796 .552  -5.131 .430  6.928 1.248  2.374 .427  1.260 -.057  -1.505 .069  .773 -.036  .427 .035  4.467 .173
99  0.04  1230  39  180  0.935  14.767	0.2067   0   0   -.631 3.233  -3.139 1.875  -.043 -.946  1.806 40.317  -.069 -1.536  -3.438 .403  1.047 .460   -4.564 -57.898  -3.586 54.236  2.442 -83.022  2.742 -.193  -7.267 6.887  -1.779 2.680  1.231 -.688  -.301 26.947  .727 -1.060  -11.338 2.978  -8.269  2.172  -5.796 .552  -5.131 .430  6.928 1.248  2.374 .427  1.260 -.057  -1.505 .069  .773 -.036  .427 .035  4.467 .173
99  0.04  1230  51  180  0.935  16.084	0.2252   0   0   -.631 3.233  -3.139 1.875  -.043 -.946  1.806 40.317  -.069 -1.536  -3.438 .403  1.047 .460   -3.342 -46.249  -3.834 54.243  3.134 -82.994  2.549 -.198  -6.535 5.924  -1.413 2.662  1.231 -.688  -.301 26.947  .727 -1.060  -11.338 2.978  -8.269  2.172  -5.796 .552  -5.131 .430  6.928 1.248  2.374 .427  1.260 -.057  -1.505 .069  .773 -.036  .427 .035  4.467 .173
99  0.04  1230  59  180  0.935  16.804	0.2353   0   0   -.631 3.233  -3.139 1.875  -.043 -.946  1.806 40.317  -.069 -1.536  -3.438 .403  1.047 .460   -2.577 -37.245  -3.983 54.250  3.600 -82.973  2.409 -.202  -5.977 5.183  -1.161 2.647  1.231 -.688  -.301 26.947  .727 -1.060  -11.338 2.978  -8.269  2.172  -5.796 .552  -5.131 .430  6.928 1.248  2.374 .427  1.260 -.057  -1.505 .069  .773 -.036  .427 .035  4.467 .173
99  0.04  1230  71  180  0.935  17.518	0.2453   0   0   -.631 3.233  -3.139 1.875  -.043 -.946  1.806 40.317  -.069 -1.536  -3.438 .403  1.047 .460   -1.589 -22.316  -4.156 54.263  4.256 -82.941  2.196 -.208  -5.068 3.963  -.792 2.623  1.231 -.688  -.301 26.947  .727 -1.060  -11.338 2.978  -8.269  2.172  -5.796 .552  -5.131 .430  6.928 1.248  2.374 .427  1.260 -.057  -1.505 .069  .773 -.036  .427 .035  4.467 .173
99  0.04  1230  79  180  0.935  17.701	0.2478   0   0   -.631 3.233  -3.139 1.875  -.043 -.946  1.806 40.317  -.069 -1.536  -3.438 .403  1.047 .460   -1.058 -11.698  -4.227 54.273  4.644 -82.919  2.055 -.213  -4.431 3.100  -.564 2.606  1.231 -.688  -.301 26.947  .727 -1.060  -11.338 2.978  -8.269  2.172  -5.796 .552  -5.131 .430  6.928 1.248  2.374 .427  1.260 -.057  -1.505 .069  .773 -.036  .427 .035  4.467 .173
99  0.04  1230  81  180  0.935  17.708	0.2479   0   0   -.631 3.233  -3.139 1.875  -.043 -.946  1.806 40.317  -.069 -1.536  -3.438 .403  1.047 .460   -.941 -8.990  -4.238 54.276  4.733 -82.914  2.021 -.214  -4.270 2.881  -.510 2.601  1.231 -.688  -.301 26.947  .727 -1.060  -11.338 2.978  -8.269  2.172  -5.796 .552  -5.131 .430  6.928 1.248  2.374 .427  1.260 -.057  -1.505 .069  .773 -.036  .427 .035  4.467 .173
99  0.04  1230  89  180  0.935  17.584	0.2462   0   0   -.631 3.233  -3.139 1.875  -.043 -.946  1.806 40.317  -.069 -1.536  -3.438 .403  1.047 .460   -.536 1.961  -4.257 54.289  5.056 -82.894  1.886 -.219  -3.624 1.996  -.307 2.583  1.231 -.688  -.301 26.947  .727 -1.060  -11.338 2.978  -8.269  2.172  -5.796 .552  -5.131 .430  6.928 1.248  2.374 .427  1.260 -.057  -1.505 .069  .773 -.036  .427 .035  4.467 .173
