99  0.03  1230  0  0  0.941  10.08	0.1411   0   0   -.859 3.266  -3.269 2.002  -.042 -.935  1.782 39.780  -.070 -1.563  -3.312 .426  1.029 .479   -6.830 -74.382  -3.236 53.542  1.741 -81.990  3.082 -.197  -8.903 8.613  -2.630 2.782  1.243 -.681  -.392 26.592  .787 -1.080  -11.590 3.044  -8.776  2.305  -5.998 .570  -5.388 .451  6.868 1.237  2.582 .465  1.271 -.058  -1.580 .073  .833 -.039  .687 .045  4.621 .179
99  0.03  1230  11  180  0.941  10.964	0.1535   0   0   -.859 3.266  -3.269 2.002  -.042 -.935  1.782 39.780  -.070 -1.563  -3.312 .426  1.029 .479   -6.612 -72.953  -3.280 53.543  1.846 -81.986  3.054 -.197  -8.803 8.489  -2.570 2.779  1.243 -.681  -.392 26.592  .787 -1.080  -11.590 3.044  -8.776  2.305  -5.998 .570  -5.388 .451  6.868 1.237  2.582 .465  1.271 -.058  -1.580 .073  .833 -.039  .687 .045  4.621 .179
99  0.03  1230  19  180  0.941  11.731	0.1642   0   0   -.859 3.266  -3.269 2.002  -.042 -.935  1.782 39.780  -.070 -1.563  -3.312 .426  1.029 .479   -6.201 -70.144  -3.363 53.544  2.049 -81.978  3.001 -.198  -8.605 8.245  -2.456 2.775  1.243 -.681  -.392 26.592  .787 -1.080  -11.590 3.044  -8.776  2.305  -5.998 .570  -5.388 .451  6.868 1.237  2.582 .465  1.271 -.058  -1.580 .073  .833 -.039  .687 .045  4.621 .179
99  0.03  1230  19  0  0.941  9.17	0.1284   0   0   -.859 3.266  -3.269 2.002  -.042 -.935  1.782 39.780  -.070 -1.563  -3.312 .426  1.029 .479   -6.201 -70.144  -3.363 53.544  2.049 -81.978  3.001 -.198  -8.605 8.245  -2.456 2.775  1.243 -.681  -.392 26.592  .787 -1.080  -11.590 3.044  -8.776  2.305  -5.998 .570  -5.388 .451  6.868 1.237  2.582 .465  1.271 -.058  -1.580 .073  .833 -.039  .687 .045  4.621 .179
99  0.03  1230  27  0  0.941  9.076	0.1271   0   0   -.859 3.266  -3.269 2.002  -.042 -.935  1.782 39.780  -.070 -1.563  -3.312 .426  1.029 .479   -5.620 -65.905  -3.480 53.545  2.340 -81.966  2.922 -.200  -8.309 7.879  -2.291 2.767  1.243 -.681  -.392 26.592  .787 -1.080  -11.590 3.044  -8.776  2.305  -5.998 .570  -5.388 .451  6.868 1.237  2.582 .465  1.271 -.058  -1.580 .073  .833 -.039  .687 .045  4.621 .179
99  0.03  1230  31  180  0.941  13.012	0.1822   0   0   -.859 3.266  -3.269 2.002  -.042 -.935  1.782 39.780  -.070 -1.563  -3.312 .426  1.029 .479   -5.283 -63.273  -3.548 53.547  2.514 -81.958  2.874 -.202  -8.126 7.652  -2.192 2.763  1.243 -.681  -.392 26.592  .787 -1.080  -11.590 3.044  -8.776  2.305  -5.998 .570  -5.388 .451  6.868 1.237  2.582 .465  1.271 -.058  -1.580 .073  .833 -.039  .687 .045  4.621 .179
99  0.03  1230  39  180  0.941  13.9	0.1946  0   0   -.859 3.266  -3.269 2.002  -.042 -.935  1.782 39.780  -.070 -1.563  -3.312 .426  1.029 .479   -4.551 -57.051  -3.696 53.550  2.902 -81.942  2.765 -.205  -7.696 7.116  -1.968 2.752  1.243 -.681  -.392 26.592  .787 -1.080  -11.590 3.044  -8.776  2.305  -5.998 .570  -5.388 .451  6.868 1.237  2.582 .465  1.271 -.058  -1.580 .073  .833 -.039  .687 .045  4.621 .179
99  0.03  1230  51  180  0.941  15.16	0.2122   0   0   -.859 3.266  -3.269 2.002  -.042 -.935  1.782 39.780  -.070 -1.563  -3.312 .426  1.029 .479   -3.415 -45.556  -3.921 53.557  3.542 -81.912  2.576 -.210  -6.912 6.133  -1.592 2.732  1.243 -.681  -.392 26.592  .787 -1.080  -11.590 3.044  -8.776  2.305  -5.998 .570  -5.388 .451  6.868 1.237  2.582 .465  1.271 -.058  -1.580 .073  .833 -.039  .687 .045  4.621 .179
99  0.03  1230  59  180  0.941  15.875	0.2222   0   0   -.859 3.266  -3.269 2.002  -.042 -.935  1.782 39.780  -.070 -1.563  -3.312 .426  1.029 .479   -2.703 -36.670  -4.056 53.563  3.975 -81.890  2.440 -.214  -6.314 5.377  -1.331 2.716  1.243 -.681  -.392 26.592  .787 -1.080  -11.590 3.044  -8.776  2.305  -5.998 .570  -5.388 .451  6.868 1.237  2.582 .465  1.271 -.058  -1.580 .073  .833 -.039  .687 .045  4.621 .179
99  0.03  1230  71  180  0.941  16.635	0.2329   0   0   -.859 3.266  -3.269 2.002  -.042 -.935  1.782 39.780  -.070 -1.563  -3.312 .426  1.029 .479   -1.782 -21.938  -4.212 53.576  4.588 -81.857  2.229 -.221  -5.337 4.132  -.949 2.689  1.243 -.681  -.392 26.592  .787 -1.080  -11.590 3.044  -8.776  2.305  -5.998 .570  -5.388 .451  6.868 1.237  2.582 .465  1.271 -.058  -1.580 .073  .833 -.039  .687 .045  4.621 .179
99  0.03  1230  79  180  0.941  16.883	0.2364   0   0   -.859 3.266  -3.269 2.002  -.042 -.935  1.782 39.780  -.070 -1.563  -3.312 .426  1.029 .479   -1.288 -11.461  -4.274 53.586  4.952 -81.834  2.090 -.226  -4.653 3.252  -.711 2.670  1.243 -.681  -.392 26.592  .787 -1.080  -11.590 3.044  -8.776  2.305  -5.998 .570  -5.388 .451  6.868 1.237  2.582 .465  1.271 -.058  -1.580 .073  .833 -.039  .687 .045  4.621 .179
99  0.03  1230  81  180  0.941  16.909	0.2367   0   0   -.859 3.266  -3.269 2.002  -.042 -.935  1.782 39.780  -.070 -1.563  -3.312 .426  1.029 .479   -1.180 -8.788  -4.284 53.589  5.036 -81.829  2.056 -.227  -4.479 3.028  -.655 2.665  1.243 -.681  -.392 26.592  .787 -1.080  -11.590 3.044  -8.776  2.305  -5.998 .570  -5.388 .451  6.868 1.237  2.582 .465  1.271 -.058  -1.580 .073  .833 -.039  .687 .045  4.621 .179
99  0.03  1230  89  180  0.941  16.875	0.2362   0   0   -.859 3.266  -3.269 2.002  -.042 -.935  1.782 39.780  -.070 -1.563  -3.312 .426  1.029 .479   -.805 2.018  -4.298 53.602  5.340 -81.807  1.922 -.232  -3.783 2.127  -.443 2.645  1.243 -.681  -.392 26.592  .787 -1.080  -11.590 3.044  -8.776  2.305  -5.998 .570  -5.388 .451  6.868 1.237  2.582 .465  1.271 -.058  -1.580 .073  .833 -.039  .687 .045  4.621 .179
