0.0008715757711069139  -0.41220814981699117
0.0023462606642445927  -0.39618218352310786
0.004556173760376696  -0.4040260271840983
0.0060298015317271775  -0.40394145744112264
0.008240243188752897  -0.40381460282665915
0.010082277902940986  -0.4037088906479396
0.011923784056235495  -0.41157387674467394
0.013765290209529997  -0.4194388628414081
0.015975731866555702  -0.4193120082269446
0.01837037699500023  -0.41917458239460936
0.020028208237769518  -0.41907944143376175
0.022606528276739257  -0.4269021426590083
0.024816969933764976  -0.4267752880445448
0.02647427261564067  -0.4346508453591509
0.02849998224035398  -0.44250526023801307
0.030894627368798513  -0.44236783440567784
0.032184051668730174  -0.44229383588057414
0.033841354350605854  -0.45016939319518023
0.0357449664088981  -0.44740325785201907
0.03820057222707089  -0.4539045568432709
0.03988910404840999  -0.453807654012778
0.04111668672379072  -0.4603794277898432
0.04265171565228079  -0.46029133430757696
0.04372579543481253  -0.4668719174328688
0.04479987521734426  -0.47345250055816046
0.04618184172039666  -0.4667309678612428
0.047409864863188725  -0.46666049307542967
0.04848438511313177  -0.4665988276378432
0.0495584648956635  -0.4731794107631351
0.050632985145606546  -0.4731177453255486
0.05186100828839861  -0.4730472705397355
0.05308903143119069  -0.4729767957539226
0.05447055746683177  -0.4728975116198828
0.055851202567650166  -0.48610272461159965
0.05707966617785355  -0.4793900012629084
0.05815374596038529  -0.4859705843882003
0.05968833442146404  -0.4925247394688119
0.061530369135652144  -0.49241902729009235
0.06229788359989717  -0.49237498054895923
0.06367940963553825  -0.49229569641491966
0.06398597495382492  -0.49892032628134464
0.06644202123940905  -0.4987793767097186
0.06859106173929516  -0.4986560458345459
0.0707401022391813  -0.498532714959373
0.07258213695336939  -0.49842700278065344
0.0747311774532555  -0.49830367190548075
0.07626532544692291  -0.5115000755489707
0.07749334858971499  -0.5114296007631576
0.0785674283722467  -0.5180101838884492
0.07964194862218978  -0.5179485184508628
0.08117653708326851  -0.5245026735314746
0.08255806311890958  -0.524423389397435
0.08455360072594668  -0.5243088678704888
0.08593512676158775  -0.5242295837364492
0.08762321811551553  -0.5307749294688346
0.08900518461856792  -0.5240533967719165
0.090540213547058  -0.5239653032896503
0.09207436154072544  -0.5371617069331405
0.09330282515092882  -0.5304489835844493
0.09437734540087188  -0.530387318146863
0.0957579905016903  -0.5435925311385796
0.0965255049659353  -0.5435484843974465
0.09744652232302937  -0.5434956283080867
0.09928811656980614  -0.5500321646922453
0.10066964260544721  -0.5499528805582057
0.10189722528082797  -0.5565246543352707
0.10312568889103134  -0.5498119309865797
0.10419976867356308  -0.5563925141118713
0.10665537449173586  -0.5628938131031236
0.10849696873851265  -0.5694303494872821
0.10987893524156502  -0.5627088167903642
0.1115670265954928  -0.5692541625227494
0.11294855263113386  -0.5691748783887098
0.1138695699882279  -0.56912202229935
0.11509759313101998  -0.5690515475135371
0.1166317411246874  -0.5822479511570271
0.11801326716032846  -0.5821686670229875
0.11924129030312054  -0.5820981922371744
0.12031625102047493  -0.5753942782367099
0.12200346143958003  -0.5952241210948517
0.1236919932609191  -0.5951272182643585
0.12445950772516416  -0.5950831715232254
0.12584059329339387  -0.601646135952064
0.12737562222188398  -0.6015580424697977
0.12860364536467606  -0.6014875676839846
0.1301386742931661  -0.6013994742017184
0.13244033675107858  -0.6145518311040754
0.13428193099785535  -0.6210883674882337
0.1352029483549494  -0.6210355113988739
0.13612352524463212  -0.6276249038723924
0.13673753681602813  -0.627589666479486
0.1378116165985599  -0.6341702496047776
0.13903963974135192  -0.6340997748189645
0.140114159991295  -0.6340381093813781
0.1421101380657434  -0.6272813392915539
0.1437982294196712  -0.6338266850239391
0.14563982366644795  -0.6403632214080976
0.14686784680924003  -0.6402927466222845
0.14840243527031877  -0.6468469017028966
0.15039841334476717  -0.640090131613072
0.1522404480589553  -0.6399844194343527
0.15423510473116975  -0.6531543950331629
0.15653676718908222  -0.6663067519355199
0.15899325394207764  -0.6595235538010156
0.1602208366174584  -0.6660953275780808
0.1625233800101935  -0.6659631873546812
0.1640579684712723  -0.672517342435293
0.1663596309291847  -0.6856696993376501
0.16835472806881052  -0.692197426373582
0.16988931652988926  -0.698751581454194
0.17142478592579063  -0.6920212394090495
0.17234580328288474  -0.6919683833196897
0.1738799512765521  -0.7051647869631799
0.17556804263047987  -0.7117101326955653
0.17802452938347535  -0.7049269345610607
0.1804796947342368  -0.7180704821151911
0.18293618148723229  -0.711287283980687
0.184777775734009  -0.7178238203648455
0.18661981044819714  -0.7177181081861259
0.1881548393766872  -0.7176300147038597
0.1898433711980263  -0.7175331118733668
0.19183890880506338  -0.7174185903464205
0.19383444641210051  -0.7173040688194745
0.19674967997399767  -0.7370634368918028
0.19935878868501944  -0.7435559265348284
0.20089425808092087  -0.7368255844896838
0.20258278990225997  -0.7367286816591909
0.20411737836333876  -0.743282836739803
0.20549846393156845  -0.7498458011686413
0.20764750443145452  -0.7497224702934686
0.20948953914564267  -0.749616758114749
0.21102368713931008  -0.7628131617582392
0.21301878427893584  -0.7693408887941711
0.21501432188597297  -0.7692263672672248
0.2171633623858591  -0.7691030363920521
0.21823744216839086  -0.775683619517344
0.21977203062946954  -0.7822377745979558
0.22176844917132932  -0.7688387559452532
0.22361004341810609  -0.7753752923294119
0.22545163766488285  -0.7819118287135705
0.2276011186321803  -0.7751462492755197
0.22882826084014968  -0.7883602716154627

