0.00025865655889097117  -4.099474314477663
0.0018021600803750856  -4.156774543830806
0.0035660734944894246  -4.223626925653047
0.005329986908603777  -4.290479307475288
0.006872856157015564  -4.357344374758976
0.008416359678499657  -4.414644604112119
0.009738819034281185  -4.4719575189267085
0.011283591101909914  -4.510128072418762
0.01238627483813351  -4.548323996833709
0.013709368466987344  -4.596072073717752
0.015033096368913507  -4.634255312671253
0.01613514583206478  -4.682016075016745
0.017679283626621203  -4.7297514664393425
0.01944319704073555  -4.796603848261584
0.02076629066958939  -4.844351925145629
0.022311062737218126  -4.882522478637682
0.0240756104244048  -4.939810022529379
0.025619748218961208  -4.9875454139519775
0.02782701851062533  -5.035242748990237
0.029592200470884317  -5.082965454951388
0.031357382431143305  -5.130688160912541
0.03268047605999716  -5.1784362377965865
0.034225882400698196  -5.207041953358095
0.03731669508210031  -5.264253384481114
0.038640422984026465  -5.302436623434613
0.04018519505165519  -5.340607176926667
0.041508922953581356  -5.378790415880168
0.04371555897217318  -5.4360525888489715
0.04548137520550448  -5.474210456879579
0.04768927977024093  -5.512342953987294
0.049897184334977376  -5.550475451095008
0.05232549879234406  -5.598160100671822
0.054091315025675366  -5.6363179687024285
0.05607754115163695  -5.684027989202135
0.05828544571637338  -5.72216048630985
0.06071376017374007  -5.769845135886662
0.06292229901154885  -5.7984127950638324
0.06535124774198785  -5.836532606710102
0.0677808307454992  -5.865087580425826
0.07021041374901053  -5.8936425541415485
0.07219790842111673  -5.9222228987801655
0.07462685715155574  -5.960342710426434
0.07661435182366194  -5.98892305506505
0.07882352493454303  -6.007925876311677
0.0808110196066492  -6.036506220950293
0.08279978282490004  -6.045956889727821
0.08478727749700622  -6.074537234366437
0.08677477216911243  -6.103117579005053
0.0889839452799935  -6.122120400251679
0.09229770494631513  -6.150624632121618
0.09494833211552907  -6.179166920375895
0.09715687095333779  -6.207734579553065
0.09892332145974143  -6.236327609653128
0.10113186029755021  -6.264895268830299
0.10378375601290872  -6.274307881223486
0.10555210933852928  -6.274206397531915
0.10753960401063552  -6.302786742170533
0.11019086545292171  -6.321764192494265
0.11240067283687515  -6.331202175810346
0.11394671345064848  -6.350243053441312
0.11615588656152957  -6.369245874687937
0.11814338123363576  -6.397826219326554
0.1210169553877692  -6.397661308327751
0.12344780693742517  -6.407086606182385
0.12565698004830628  -6.426089427429012
0.12808783159796222  -6.435514725283647
0.13007596054314075  -6.454530231991718
0.13272785625849925  -6.463942844384906
0.13560016186648804  -6.482907609247194
0.13891455580588202  -6.501847003186588
0.14178749568694315  -6.51124693011833
0.14421771296352676  -6.530237065903509
0.14664919878625504  -6.530097525827599
0.14885900617020847  -6.539535509143679
0.15062672522275672  -6.5489988633826535
0.15261548844100753  -6.558449532160182
0.15482593009803325  -6.558322677545719
0.15769886997909438  -6.567722604477461
0.15968826747041753  -6.567608435324443
0.16211911902007348  -6.577033733179078
0.16477101473543204  -6.5864463455722655
0.16764458888956546  -6.586281434573463
0.17007544043922146  -6.5957067324280985
0.17250565771580506  -6.614696868213278
0.17559964176256876  -6.624084109683573
0.1786942600824048  -6.623906513223324
0.18156783423653816  -6.623741602224522
0.18399868578619422  -6.633166900079157
0.18642953733585016  -6.642592197933792
0.18974456554831637  -6.6519667539426415
0.1932806379264852  -6.661328624490044
0.1961535778075464  -6.670728551421785
0.19858506363027462  -6.670589011345876
0.20167904767703831  -6.6799762528161715
0.20433157766546917  -6.679824027278816
0.20720515181960258  -6.679659116280013
0.20985704753496115  -6.689071728673202
0.21361416407883255  -6.6984209137591595
0.21670941667174087  -6.688678479368366
0.21914090249446916  -6.688538939292456
0.22245593070693537  -6.6979134953013055
0.22510846069536622  -6.697761269763949
0.22886621151230996  -6.697545616919361

