0.0007203192620556936  -0.8413044544575023
0.0017935181097647537  -0.8611695347085502
0.0031741632105831627  -0.874374747700267
0.004094299632854549  -0.8876063887366634
0.005321001373412619  -0.907462659639485
0.005934132009986  -0.9207119193723348
0.007007771325106382  -0.9339347510605047
0.008234913533075788  -0.9471487734004482
0.009001547062498165  -0.9603892237850713
0.010228248803056235  -0.9802454946878927
0.011454510076202983  -1.0067440141535924
0.012681652284172382  -1.0199580364935357
0.014061856917579461  -1.0398054980481306
0.014981993339850841  -1.0530371390845272
0.01651614133351826  -1.0662335427280172
0.01789634596692534  -1.0860810042826121
0.019430053493181415  -1.1059196564889802
0.02080981765917718  -1.1324093666064532
0.022190022292584252  -1.1522568281610477
0.023416724033142322  -1.1721130990638695
0.02448992288085139  -1.1919781793149173
0.025870127514258462  -1.2118256408695127
0.027097269722227868  -1.225039663209456
0.02832441193019726  -1.2382536855493989
0.02985811945645335  -1.2580923377557673
0.031238324089860436  -1.2779397993103618
0.032465906765241165  -1.2845115730874275
0.03430617960978394  -1.3109748551602207
0.035992949561477694  -1.33744694658124
0.037372713727473444  -1.363936656698713
0.03906036461398987  -1.3771242509939765
0.040594512607657285  -1.3903206546374665
0.041975157708475694  -1.4035258676291829
0.043354921874471444  -1.4300155777466563
0.045041691826165214  -1.456487669167676
0.04626927450154594  -1.4630594429447412
0.047802541560390696  -1.4895403437139874
0.04918318666120912  -1.5027455567057042
0.05025682597632951  -1.515968388393874
0.05163747107714792  -1.5291736013855912
0.05317161907081533  -1.5423700050290807
0.05455094276939976  -1.5755019637094319
0.05623815318850485  -1.5953318065675735
0.05777230118217226  -1.6085282102110638
0.05915294628299067  -1.6217334232027802
0.0609941000623561  -1.6349122081498173
0.06283525384172153  -1.6480909930968544
0.0645220237934153  -1.674563084517874
0.0662092342125204  -1.6943929273760152
0.06789688509903682  -1.7075805216712787
0.06943059262529291  -1.7274191738776468
0.07096474061896033  -1.7406155775211372
0.0726515105706541  -1.7670876689421569
0.07433872098975919  -1.786917511800299
0.07556586319772858  -1.8001315341402413
0.07710001119139602  -1.8133279377837312
0.07863327825024076  -1.8398088385529778
0.08062749445504387  -1.8596210627146665
0.08262171065984698  -1.8794332868763544
0.08446242397180108  -1.89925432038627
0.08630313728375517  -1.9190753538961847
0.08783728527742261  -1.932271757539675
0.08906442748539202  -1.945485779879618
0.09013806680051238  -1.958708611567788
0.09136476854107047  -1.9785648824706095
0.09320636278784723  -1.985101418854768
0.09520057899265034  -2.0049136430164567
0.09688778941175542  -2.024743485874598
0.09780836630143817  -2.0313328783481164
0.09918901140225657  -2.044538091339833
0.10056921603566364  -2.0643855528944277
0.10194986113648206  -2.0775907658861446
0.10333050623730046  -2.0907959788778614
0.10501815712381689  -2.1039835731731245
0.10670536754292197  -2.1238134160312665
0.10823907506917808  -2.1436520682376345
0.11023329127398117  -2.163464292399323
0.11222750747878431  -2.183276516561011
0.11406866125814973  -2.196455301508048
0.11529580346611916  -2.2096693238479914
0.1166760080995262  -2.229516785402586
0.11821059656060497  -2.236070940483198
0.1200521908073817  -2.2426074768673567
0.12173984169389816  -2.2557950711626202
0.12327398968756557  -2.26899147480611
0.1252682058923687  -2.288803698967798
0.12710891920432277  -2.308624732477713
0.12925707876938625  -2.3217858987282973
0.13140523833444967  -2.3349470649788806
0.13278544296785677  -2.354794526533475
0.13493272159809755  -2.381240189909815
0.136620372484614  -2.3944277842050785
0.1380014580528437  -2.400990748633917
0.13922815979340175  -2.4208470195367386
0.14076230778706922  -2.434043423180229
0.14229645578073663  -2.447239826823719
0.1435240384561174  -2.4538116006007837
0.14521124887522247  -2.4736414434589253
0.14705284312199918  -2.4801779798430843
0.14874049400851563  -2.4933655741383474
0.15042858536244336  -2.4999109198707328
0.1519622928886995  -2.5197495720771013
0.1533438189243405  -2.5196702879430615
0.15549197848940405  -2.5328314541936447
0.15810020626560317  -2.5526084409624263
0.1600948629378176  -2.565778416561237
0.16193513578236035  -2.5922416986340298
0.1637762895617258  -2.605420483581067
0.1654630595134196  -2.6318925750020865
0.16730465376019632  -2.638429111386245
0.16868529886101474  -2.651634324377962
0.17037294974753114  -2.664821918673225
0.17175447578317227  -2.6647426345391856
0.17298161799114165  -2.6779566568791284
0.1748223313030957  -2.697777690389043
0.1765104226570235  -2.704323036121429
0.17773756486499293  -2.7175370584613727
0.179578278176947  -2.7373580919712874
0.18095892327776542  -2.750563304963004
0.18249307127143283  -2.763759708606494
0.18402677879768892  -2.7835983608128623
0.1855613672587677  -2.790152515893474
0.18832353839522714  -2.803278444751151
0.19016381123976994  -2.829741726823944
0.19200540548654665  -2.8362782632081025
0.19353999394762544  -2.842832418288715
0.19461407373015716  -2.849413001414006
0.19614822172382457  -2.8626094050574964
0.19814331886345038  -2.8691371320934285
0.2015199420387172  -2.8755855749953207
0.20351415824352037  -2.8953977991570095
0.20566231780858374  -2.9085589654075927
0.20688946001655317  -2.921772987747536
0.20827054558478286  -2.9283359521763748
0.21011258029897095  -2.928230239997655
0.2117997907180761  -2.9480600828557963
0.21364094449744153  -2.961238867802833
0.21532859538395793  -2.974426462098097
0.2170162462704744  -2.98761405639336
0.21901090294268882  -3.0007840319921706
0.22069855382920522  -3.013971626287434
0.22284583245944606  -3.0404172896637736
0.2248413700664832  -3.0403027681368275
0.2263755180601505  -3.0534991717803175
0.22790966605381796  -3.0666955754238083
0.22959775740774574  -3.0732409211561924

