0.001344214922161996  -4.395920863017312
0.0022245859465383835  -4.453259148754795
0.0033266354096896586  -4.501019911100285
0.004429319145913241  -4.5392158355152326
0.00553200288213683  -4.577411759930179
0.006855096510990678  -4.625159836814224
0.008177555866772213  -4.682472751628813
0.009059829710365543  -4.7111165235746615
0.009940835007814237  -4.758889971381598
0.011263928636668079  -4.806638048265643
0.012807432158152172  -4.863938277618786
0.014572614118411174  -4.911660983579939
0.01611548336682294  -4.978526050863626
0.01765898688830704  -5.035826280216769
0.019423534575493714  -5.093113824108465
0.02118744798960806  -5.159966205930706
0.0231730398424973  -5.217241064360956
0.02493822180275629  -5.264963770322109
0.02670340376301529  -5.312686476283261
0.028688995615904517  -5.36996133471351
0.030675221741866085  -5.4176713552132165
0.0324416722482697  -5.44626438531328
0.03464894253993382  -5.493961720351539
0.036634534392823076  -5.551236578781789
0.038620126245712316  -5.60851143721204
0.0406076209178185  -5.637091781850655
0.04215302725851955  -5.665697497412166
0.0448017516085165  -5.7229342994580765
0.04700965617325295  -5.761066796565791
0.0496577462501776  -5.827868436542247
0.052307739146319185  -5.86597556272707
0.05495773204246078  -5.904082688911891
0.057828769104304956  -5.942177129635267
0.05959521961070856  -5.970770159735331
0.06290897927703018  -5.999274391605269
0.06622083612413486  -6.056473137266841
0.06864978485457386  -6.094592948913109
0.07152082191641802  -6.132687389636485
0.07483458158273966  -6.161191621506424
0.07704438896669306  -6.170629604822505
0.07903188363879926  -6.19920994946112
0.08146146664231059  -6.227764923176846
0.08455418214292963  -6.25628184050823
0.0880889859749538  -6.284773386916722
0.09029815908583493  -6.303776208163348
0.0933921431325986  -6.3131634496336435
0.0969269469646228  -6.341654996042135
0.09979925257261159  -6.360619760904423
0.10289196807323066  -6.389136678235807
0.10598595211999433  -6.398523919706102
0.10885825772798312  -6.417488684568389
0.11128847500456678  -6.436478820353569
0.11371996082729503  -6.436339280277659
0.11659226643528385  -6.455304045139945
0.12012770454038037  -6.474230753617893
0.12344209847977432  -6.4931701475572865
0.1280827574133837  -6.512033428728003
0.13051360896303965  -6.521458726582638
0.1351529993505044  -6.559451683614443
0.13957261411841115  -6.578327650246605
0.14377181899368774  -6.587651464409668
0.1477499797032617  -6.596987964034179
0.15150646197406076  -6.61590198705068
0.15504316862530193  -6.615699019667539
0.15880028516917333  -6.6250482047534955
0.1616744935963791  -6.6153184558241485
0.16454743347744016  -6.624718382755891
0.16786182741683414  -6.643657776695285
0.17073476729789522  -6.653057703627027
0.17382811707158663  -6.672009783027867
0.1773641894497554  -6.68137165357527
0.18156339432503193  -6.690695467738334
0.18487905681057054  -6.690505185816639
0.18885594897399988  -6.718971361302238
0.19327683228805131  -6.718717652073312
0.19703331455885043  -6.737631675089813
0.2010114752684244  -6.746968174714322
0.20543045576325886  -6.77540897927703
0.21051256875520108  -6.803811727455397
0.21360655280196472  -6.813198968925693
0.21736366934583612  -6.82254815401165
0.22045701911952748  -6.84150023341249
0.2239930914976963  -6.850862103959893
0.2277483052223508  -6.888905802837483
0.22929434583612412  -6.907946680468449

