0.0014712281048935433  0.297215710352013
0.0036811412010256603  0.28937186669102266
0.006076314890363782  0.2974799907988118
0.007918349604551886  0.2975857029775314
0.010128791261577591  0.2977125575919949
0.012707639861440932  0.2978605546422022
0.014918610079360246  0.3059581075321195
0.01731325520780476  0.30609553336445494
0.020260775030952527  0.310250021988133
0.022656213000737446  0.32234349523364914
0.02486612609686957  0.3144996515726588
0.02707762487568248  0.33056790273802983
0.029287537971814603  0.3227240590770395
0.03223532207540915  0.33086389683844464
0.03462996720385367  0.33100132267078
0.03684040886087939  0.33112817728524346
0.039051907639692296  0.3471964284506145
0.04126182073582442  0.33935258478962416
0.043656465864268953  0.3394900106219596
0.046420046496444684  0.3476192771654927
0.0486304881534704  0.34774613177995606
0.05120986531422736  0.3558648271056173
0.05434132432834711  0.35604453780944045
0.056737026578578834  0.37212336019268355
0.05913114314612977  0.3642900877495652
0.06152631683546787  0.37239821185735433
0.0639209619639124  0.3725356376896898
0.06613140362093811  0.37266249230415327
0.06778976342460101  0.3807283315404546
0.0700004693620735  0.38484053529264495
0.0731316640957465  0.38103489685874126
0.0731316640957465  0.38103489685874126
0.07571051269560983  0.38118289390894855
0.07828936129547316  0.38133089095915595
0.0810529419276489  0.38946015750268914
0.08363126196661864  0.3816374562774426
0.08565802871311913  0.38972443794948797
0.08805267384156366  0.3898618637818234
0.09026364405948299  0.39795941667174073
0.09228935368419629  0.3901050017928783
0.09486873084495324  0.39822369711853967
0.09689549759145373  0.4063106787905848
0.09873753230564182  0.4064163909693044
0.10094903108445476  0.4224846421346754
0.10315947274148048  0.4226114967491388
0.10592252481276261  0.42277006501721814
0.10831769850210073  0.4308781891250075
0.11108075057338286  0.4310367573930868
0.11402906323787103  0.44714729342994564
0.11660738327684077  0.4393245922046991
0.1191867604375977  0.44744328753036033
0.12194981250887983  0.4476018557984397
0.124712864580162  0.44776042406651895
0.12692330623718767  0.44788727868098244
0.13005423669041388  0.4400962911093518
0.1326341424120644  0.4561856847104667
0.13521404813371496  0.4722750783115818
0.13816077511552233  0.46447351952207927
0.14092435574769802  0.47260278606561235
0.14331847231524897  0.4647695136224941
0.1462667849797371  0.4808800496593528
0.1495819189043821  0.47309963330559424
0.1514239536185702  0.4732053454843137
0.1540028022184335  0.4733533425345211
0.15639797590777166  0.4814614666423104
0.1591610279790538  0.4816200349103896
0.16118779472555428  0.4897070165824349
0.16321403291116116  0.4898232999790264
0.16560867803960572  0.48996072581136174
0.16800438028983744  0.5060395481946048
0.17003008991455076  0.4981851333157425
0.17187265318963252  0.5062615437699158
0.17408309484665818  0.5063883983843793
0.17666194344652153  0.5065363954345867
0.17887238510354725  0.5066632500490502
0.18071441981773534  0.5067689622277697
0.18329379697849224  0.5148876575534309
0.18495215678215515  0.5229534967897322
0.1871615413173937  0.5071389548532881
0.1897409184781506  0.5152576501789493
0.19231976707801396  0.5154056472291566
0.19416233035309566  0.52348205768333
0.19674170751385256  0.5316007530089912
0.19876741713856588  0.5237463381301288
0.2017146726812668  0.5239154776160801
0.20392564289918608  0.5320130305059974
0.20613608455621185  0.5321398851204608
0.20779391579898115  0.5322350260813085
0.20963595051316924  0.532340738260028
0.2112943103168321  0.5404065774963294
0.2129521415596014  0.540501718457177
0.21479364771289589  0.5326367323604426
0.21626727548424635  0.5327213021034183
0.21866244917358452  0.5408294262112076
0.22032028041635376  0.5409245671720552
0.22308386104852956  0.5490538337155882
0.22547850617697407  0.5491912595479236
0.22750474436258095  0.5493075429445151
0.2298993894910255  0.5494449687768506

