0.0012475587534194338  -2.1497921839515945
0.002780385344852865  -2.1829153332837192
0.004772839680010646  -2.2292965516969203
0.006765734482579756  -2.2690355215472433
0.008605126392299864  -2.3087833007457927
0.010444077834608642  -2.3551733285072207
0.011823401533193056  -2.3883052871875714
0.013355787657215151  -2.428070685082574
0.014582048930361899  -2.454569204548274
0.015807869736097303  -2.4877099725768517
0.018259951814979455  -2.547349260071129
0.020099343724699556  -2.5870970392696786
0.02224530095270634  -2.633469448334653
0.024389936778479143  -2.6997686030882617
0.026382831581048274  -2.7395075729385847
0.028222223490768375  -2.779255352137134
0.02960154718935279  -2.8123873108174853
0.03144093909907289  -2.8521350900160347
0.033433393434230685  -2.898516308429236
0.03588547551311283  -2.958155595923513
0.03848973908260998  -3.037712819758198
0.04094226162890348  -3.090709858689598
0.043087778389498926  -3.1437245163174508
0.045233735617505724  -3.1900969253824245
0.04676656220893914  -3.2232200747145496
0.048605073183836583  -3.2762523510388553
0.05044402462614536  -3.322642378800283
0.05212947317560512  -3.3690412159099363
0.0539684246179139  -3.4154312436713647
0.055807376060222694  -3.4618212714327923
0.05764676796994281  -3.501569050631341
0.06009840958141362  -3.5678505866884977
0.062398310169680754  -3.6075719378423665
0.06500345467400057  -3.6738446645512957
0.06760903964573173  -3.7334751426973467
0.06914142576975382  -3.77324054059235
0.07113432057232294  -3.8129795104426725
0.07312765584230338  -3.846076231730117
0.0757328003466232  -3.912348958439046
0.07787831710721867  -3.965363616066899
0.07971858995176144  -3.991826898139691
0.08109879458516851  -4.011674359694286
0.08293818649488864  -4.0514221388928355
0.08462363504434837  -4.097820976002491
0.08646302695406848  -4.137568755201039
0.0884554812892263  -4.18394997361424
0.08983524545522202  -4.210439683731714
0.09136851251406679  -4.23692058450096
0.09290177957291153  -4.263401485270206
0.09458810905719396  -4.2965158252541045
0.09612181658345005  -4.3163544774604725
0.0976546431748835  -4.349477626792598
0.09980060040289025  -4.395850035857571
0.10179437614028207  -4.422304508582139
0.10394165477052285  -4.448750171958478
0.10532009753428463  -4.495166627764585
0.10685292412571802  -4.52828977709671
0.1094589495648605  -4.581278006679883
0.11129878194199196  -4.614383537315554
0.11390568831595711  -4.65408726977297
0.11620602937163556  -4.687166372363962
0.11804498081394436  -4.733556400125389
0.12034576233703413  -4.7599932541535015
0.12264698432753525  -4.779787859618737
0.1249468849158024  -4.8195092107726065
0.12801562137054856  -4.839259769496708
0.13046902485166467  -4.878972311302352
0.13261674394931677  -4.898775726115814
0.13476446304696893  -4.918579140929276
0.13645167346607406  -4.938408983787417
0.13829238677802813  -4.958230017297332
0.14013354055739358  -4.971408802244368
0.14182119144390998  -4.984596396539632
0.14381408624647912  -5.0243353663899555
0.14580874291869356  -5.037505341988765
0.14718850708468928  -5.063995052106238
0.14948972907519043  -5.083789657571472
0.15102387706885784  -5.096986061214963
0.15255758459511393  -5.116824713421331
0.15439829790706805  -5.136645746931246
0.15623901121902217  -5.156466780441161
0.1588472389952213  -5.176243767209942
0.16099539856028472  -5.189404933460527
0.1637571292293329  -5.209173110881082
0.16636579747294333  -5.222307849086986
0.16866745993085586  -5.235460205989342
0.17112218481420594  -5.25524600210635
0.17311684148642037  -5.268415977705161
0.1751114981586348  -5.2815859533039715
0.17633952130142688  -5.281515478518158
0.17833417797364137  -5.294685454116968
0.18063584043155378  -5.307837811019325
0.18309056531490392  -5.327623607136333
0.18523916534737872  -5.334142524824039
0.18723382201959315  -5.3473125004228494
0.18892279430834358  -5.340573349029478
0.19076438855512035  -5.347109885413637
0.19291254812018382  -5.3602710516642205
0.19429363368841351  -5.366834016093058
0.19567471925664326  -5.373396980521897
0.19720974818513337  -5.373308887039631
0.19981841642874382  -5.386443625245534
0.20196745692862994  -5.386320294370361
0.20426955985395373  -5.3928304027098415
0.20657254371410017  -5.386056013923563
0.20856764085372592  -5.392583740959496
0.21117719003215907  -5.392433982039643
0.21332579006463387  -5.398952899727347
0.21593445830824437  -5.412087637933252
0.21731598434388544  -5.412008353799212
0.21900407569781316  -5.418553699531597
0.22084566994458998  -5.4250902359157545
0.2226872641913667  -5.431626772299914
0.22452841797073214  -5.4448055572469505
0.22667745847061826  -5.4446822263717785

