0.001360071748969932  -4.156799914753698
0.003787751933264319  -4.214049402261057
0.0059950222249284535  -4.261746737299316
0.008202292516592581  -4.309444072337575
0.010629972700886968  -4.366693559844933
0.013279331323956235  -4.414365523960299
0.015929958493170138  -4.442907812214576
0.019020136901499923  -4.50968408126814
0.022112218129046665  -4.547765836530069
0.02454116685948568  -4.585885648176337
0.02719115975562726  -4.62399277436116
0.030282606710101675  -4.671639367553633
0.0333740536645761  -4.719285960746107
0.03646550061905052  -4.766932553938582
0.039116127788264426  -4.795474842192859
0.041324032353000875  -4.833607339300574
0.04353320546388195  -4.852610160547199
0.0457411100286184  -4.890742657654914
0.04817069303212973  -4.919297631370639
0.05126213998660416  -4.966944224563113
0.05391213288274574  -5.005051350747935
0.0567831699445899  -5.043145791471311
0.05899170878239865  -5.07171345064848
0.06142192605898232  -5.090703586433659
0.0642929631208265  -5.1287980271570355
0.0667219118512655  -5.166917838803304
0.06937317329355173  -5.185895289127037
0.07136193651180256  -5.195345957904564
0.07379088524224159  -5.233465769550833
0.07622110251882522  -5.252455905336012
0.07865131979540889  -5.271446041121192
0.08085922436014532  -5.309578538228907
0.08328944163672898  -5.328568674014085
0.0859407030790152  -5.347546124337819
0.08814924191682395  -5.376113783514989
0.09190635846069538  -5.385462968600946
0.09522011812701701  -5.413967200470884
0.09831346790070834  -5.432919279871724
0.10184890600580486  -5.451845988349672
0.1051626656721265  -5.48035022021961
0.10891724512370861  -5.527958757027745
0.1111264182345897  -5.54696157827437
0.11311518145284054  -5.556412247051898
0.11532308601757697  -5.594544744159613
0.11731184923582781  -5.603995412937141
0.12018352057074429  -5.632525015729971
0.12283605055917514  -5.6323727901926155
0.12548667772838906  -5.660915078446894
0.12791626073190038  -5.689470052162617
0.1305675221741866  -5.708447502486349
0.13321941788954517  -5.717860114879539
0.13587004505875905  -5.746402403133817
0.13807985244271248  -5.755840386449897
0.14051006971929614  -5.774830522235076
0.1429402869958798  -5.793820658020255
0.14514946010676083  -5.812823479266881
0.14802239998782196  -5.822223406198623
0.1502315730987031  -5.841226227445248
0.15288220026791693  -5.869768515699527
0.15487096348616775  -5.879219184477055
0.15730181503582374  -5.888644482331689
0.16017475491688488  -5.898044409263431
0.16393060291461165  -5.926523270210477
0.16680354279567272  -5.935923197142219
0.16857126184822102  -5.945386551381192
0.17122188901743496  -5.9739288396354695
0.1736533748401632  -5.973789299559559
0.1765250461750797  -6.002318902352392
0.18006048428017618  -6.021245610830339
0.18249133582983218  -6.030670908684974
0.18470050894071322  -6.0496737299316
0.18690968205159436  -6.068676551178226
0.18933989932817796  -6.087666686963405
0.1919911607704642  -6.106644137287137
0.19486346637845298  -6.125608902149424
0.19707263948933407  -6.14461172339605
0.19972453520469263  -6.154024335789238
0.20325997330978918  -6.172951044267186
0.20679604568795795  -6.182312914814588
0.21033148379305444  -6.201239623292537
0.2123202470113053  -6.210690292070065
0.21475046428788896  -6.229680427855243
0.2171813158375449  -6.239105725709877
0.2209384323814163  -6.248454910795835
0.22359096236984716  -6.248302685258478
0.22535868142239546  -6.257766039497453

