0.0005467751019911093  -3.4583503882315005
0.0022313427166282124  -3.518033722466911
0.004068532289291674  -3.590992744479851
0.004985585439683735  -3.6507201254563952
0.006363587736034154  -3.7037788298253806
0.007741590032384574  -3.756837534194366
0.008812146075625645  -3.8165561058226833
0.010036205011715725  -3.8762658681027746
0.011107641989779461  -3.922699942605335
0.01217951943525454  -3.962491768545017
0.013403578371344607  -4.022201530825107
0.014475015349408357  -4.068635605327668
0.016006080071196443  -4.128327748911306
0.01769064768583356  -4.188011083146716
0.018762084663897283  -4.234445157649278
0.0199865840673987  -4.287512671366489
0.021058461512873772  -4.327304497306172
0.022130779425760166  -4.360454074682976
0.02320265687123524  -4.400245900622659
0.024120590956449958  -4.446688784473447
0.02519246840192503  -4.486480610413129
0.025958220996524756  -4.513005557923508
0.027029217507177156  -4.566081880988947
0.027947592059803225  -4.605882516276856
0.029324713421330972  -4.672225717771599
0.030396590866806045  -4.712017543711282
0.031467587377458445  -4.76509386677672
0.032540345757756176  -4.791601195590647
0.03345916077779357  -4.824759582315678
0.03437797579783097  -4.857917969040709
0.035450293710717354  -4.8910675464175135
0.03667479311421877  -4.944135060134726
0.03836024166367853  -4.990533897244379
0.03958562200200262  -5.030316913835836
0.04096450523317571  -5.070091121079065
0.04218988557149979  -5.109874137670521
0.043108260124125844  -5.14967477295843
0.044179256634778244  -5.202751096023869
0.04586470518423802  -5.249149933133524
0.04739665084084878  -5.295557579591405
0.0487746531371992  -5.34861628396039
0.05061272364468532  -5.408290808847574
0.05199160687585838  -5.448065016090803
0.05306348432133347  -5.487856842030486
0.054749373338204566  -5.527613430577262
0.056128256569377644  -5.567387637820491
0.05720057448226404  -5.600537215197296
0.05873296060628615  -5.640302613092298
0.06011096290263655  -5.693361317461284
0.06087671549723628  -5.719886264971664
0.06148852473157565  -5.753062270393149
0.06240733975161303  -5.786220657118179
0.06347965766449945  -5.8193702344949845
0.06531816863939688  -5.872402510819289
0.06715756054911699  -5.912150290017839
0.06868906573831644  -5.965200185038598
0.06991444607664052  -6.004983201630054
0.07129288884040225  -6.051399657436162
0.07236564722069998  -6.077906986250088
0.07359102755902407  -6.1176900028415435
0.07466334547191045  -6.150839580218348
0.07558216049194785  -6.183997966943379
0.07650141597939657  -6.210514105105532
0.07788029921056966  -6.250288312348761
0.07910612001630508  -6.283429080377339
0.08033194082204047  -6.316569848405917
0.08186344601123992  -6.369619743426676
0.08324232924241297  -6.409393950669905
0.08477427489902374  -6.4558015971277865
0.08646060438330617  -6.488915937111685
0.08845305871846397  -6.535297155524885
0.08967799858937668  -6.5817224206792195
0.09090381939511212  -6.614863188707797
0.09259014887939455  -6.647977528691695
0.09381552921771862  -6.687760545283151
0.09550141823458973  -6.727517133829927
0.09687898006352881  -6.787218086761791
0.0985644286129886  -6.833616923871445
0.099943752311573  -6.866748882551796
0.10132263554274608  -6.906523089795026
0.10300764362479449  -6.959564175467557
0.10454002974881664  -6.999329573362561
0.10637986212594804  -7.032435103998232
0.10775918582453246  -7.065567062678584
0.10883106327000754  -7.105358888618266
0.11021038696859196  -7.138490847298616
0.11205021934572339  -7.171596377934289
0.1132760401514588  -7.204737145962866
0.11496192916832991  -7.2444937345096445
0.1160342470812163  -7.277643311886447
0.11756619273782705  -7.324050958344328
0.11909857886184914  -7.363816356239331
0.12017133724214689  -7.390323685053257
0.12155110140814264  -7.416813395170729
0.12369749910356077  -7.456543555672825
0.12584257539674487  -7.516200461863557
0.12798853262475168  -7.5625728709285305
0.12998054649249813  -7.615596337904609
0.13197300082765595  -7.661977556317812
0.13381195226996467  -7.708367584079239
0.1359583499653828  -7.748097744581335
0.1381038667259783  -7.801112402209187
0.13994281816828702  -7.847502429970616
0.14132214186687148  -7.880634388650966
0.14285496845830487  -7.913757537983093
0.1443882355171497  -7.940238438752337

