0.00001794992794657002  -4.395996975785991
0.0020060788731250806  -4.415012482494062
0.005100697192961086  -4.414834886033814
0.008194681239724777  -4.42422212750411
0.011068255393858202  -4.424057216505307
0.013278697050883921  -4.423930361890844
0.015710182873612207  -4.423790821814934
0.018804166920375898  -4.433178063285229
0.021235018470031855  -4.442603361139865
0.02388627991231808  -4.461580811463596
0.027201942397856657  -4.461390529541902
0.03007424800584546  -4.480355294404189
0.03228468966287118  -4.480228439789726
0.03493658537822972  -4.489641052182915
0.03736743692788569  -4.499066350037548
0.03935683441920883  -4.498952180884531
0.042229774300269945  -4.508352107816274
0.045323758347033644  -4.517739349286569
0.047976288335464495  -4.517587123749213
0.05106963810915585  -4.5365392031500535
0.0537215338245144  -4.5459518155432415
0.056595107978647835  -4.545786904544439
0.05924763796707869  -4.545634679007083
0.06278371034524753  -4.554996549554486
0.06477310783657067  -4.5548823804014695
0.06698291522052406  -4.564320363717551
0.0691933568775498  -4.564193509103087
0.07162420842720574  -4.573618806957722
0.07317088331405143  -4.583094846658141
0.0758234133024823  -4.582942621120785
0.07847594329091315  -4.582790395583428
0.0809067948405691  -4.592215693438064
0.08355932482899998  -4.592063467900707
0.08621185481743084  -4.591911242363351
0.08775916397734883  -4.591822444133227
0.08996833708822992  -4.610825265379853
0.09262086707666077  -4.6106730398424975
0.09527403133816396  -4.600955976374596
0.09726216028334246  -4.619971483082669
0.09902987933589073  -4.629434837321642
0.10168177505124927  -4.63884744971483
0.10433493931275246  -4.6291303862469295
0.106986835028111  -4.638542998640118
0.1091966424120644  -4.6479809819561995
0.11229126073190039  -4.64780338549595
0.11472211228155636  -4.657228683350585
0.11781673060139237  -4.657051086890337
0.12069030475552582  -4.656886175891534
0.12378428880228949  -4.666273417361829
0.126436184517648  -4.675686029755018
0.1286472604477461  -4.665994337210009
0.1319622886602123  -4.6753688932188595
0.1343937744829406  -4.675229353142949
0.1372660800909294  -4.694194118005236
0.13991861007936024  -4.69404189246788
0.14212841746331367  -4.7034798757839615
0.1450019916174471  -4.703314964785159
0.14676971066999533  -4.712778319024132
0.14853742972254358  -4.722241673263106
0.15030578304816422  -4.722140189571535
0.1527379031439648  -4.712435811565081
0.15605229708335872  -4.731375205504475
0.15826273874038443  -4.731248350890011
0.16025150195863525  -4.74069901966754
0.16400925277557898  -4.740483366822952
0.16666114849093755  -4.74989597921614
0.16931304420629606  -4.759308591609328
0.17329183918894236  -4.759080253303294
0.17616414479693115  -4.778045018165581
0.1801429397795774  -4.777816679859546
0.18367901215774624  -4.787178550406949
0.1858900880878443  -4.777486857861941
0.18832030536442795  -4.79647699364712
0.19141428941119165  -4.805864235117416
0.19384577523391994  -4.805724695041506
0.19649767094927845  -4.8151373074346955
0.19937061083033958  -4.824537234366438
0.2015810524873653  -4.824410379751974
0.20401126976394895  -4.8434005155371525
0.2066637997523798  -4.843248289999797
0.20887360713633318  -4.852686273315878
0.21130509295906147  -4.852546733239968
0.21462012117152773  -4.8619212892488175
0.21705287554040065  -4.842652073311818
0.21926141437820945  -4.8712197324889885
0.22169290020093774  -4.871080192413078
0.22456774290121584  -4.851785605553187
0.22677755028516916  -4.861223588869268

