0.0003208153199780739  -2.2361942713583707
0.002005823402026513  -2.289235357030903
0.003538209526048608  -2.329000754925906
0.005224098542919706  -2.368757343472682
0.006602981774092791  -2.408531550715911
0.008135367898114886  -2.448296948610914
0.010128262700683996  -2.4880359184612373
0.012120717035841784  -2.5344171368744375
0.013346537841577188  -2.567557904903016
0.015032426858448286  -2.6073144934497914
0.016718315875319398  -2.6470710819965677
0.018403323957367823  -2.7001121676691002
0.0200887725068276  -2.7465110047787546
0.021621158630849693  -2.7862764026737574
0.022847419903996427  -2.812774922139457
0.024073681177143175  -2.8392734416051564
0.025300382917701245  -2.8591297125079778
0.026987152869395  -2.8856018039289975
0.028519538993417096  -2.9253672018240002
0.03020586847769953  -2.9584815418078985
0.031892638429393286  -2.984953633228918
0.034039036124811406  -3.0246837937310147
0.03557054131401084  -3.077733688751774
0.038023063860304324  -3.130730727683172
0.03986245577002444  -3.1704785068817225
0.041549225721718194  -3.1969505983027418
0.043695623417136314  -3.2366807588048374
0.045841580645143126  -3.283053167869812
0.04768141302227455  -3.3161586985054843
0.05090189050022441  -3.3624694421328716
0.05289434483538219  -3.408850660546073
0.05519424542364931  -3.4485720116999428
0.05718669975880711  -3.4949532301131434
0.0593339783890479  -3.521398893489483
0.06163475991213768  -3.5478357475175972
0.06439560964636318  -3.580888422063908
0.06700339695515099  -3.607307657395568
0.06930373801082945  -3.6403867599865594
0.07175670102453427  -3.68674155035508
0.07467061318419743  -3.726427664116043
0.07743146291842291  -3.759480338662355
0.07988486639953905  -3.7991928804679986
0.08249265370832688  -3.8256121157996574
0.08586795548135971  -3.8519873043901844
0.08878274857584555  -3.8783889210253912
0.09139009541722205  -3.91145040491993
0.09445795093714553  -3.944485460769789
0.09706485731111068  -3.9841891932272047
0.09967264461989851  -4.010608428558864
0.10182036371755064  -4.030411843372326
0.10534916838343249  -4.056778222614627
0.10841702390335599  -4.089813278464485
0.11102569214696646  -4.102948016670388
0.1139404852414523  -4.129349633305594
0.11700878122878709  -4.155742440592575
0.1199231338558616  -4.18878630579066
0.12237829920662309  -4.201929853344789
0.1248325836225619  -4.228357898024677
0.12713336514565166  -4.254794752052789
0.12974203338926216  -4.267929490258694
0.1323507016328726  -4.281064228464596
0.1344993016653474  -4.287583146152303
0.13649351787015052  -4.307395370313991
0.13894824275350065  -4.327181166430999
0.14201653874083547  -4.353573973717979
0.14508527519558168  -4.373324532442081
0.14800094922489015  -4.3864416519515315
0.15045655504306293  -4.392942950942784
0.15275777703356408  -4.412737556408019
0.1559804568485706  -4.425837057221016
0.15874218751761876  -4.4456052346415715
0.16104384997553117  -4.458757591543929
0.16319200954059465  -4.471918757794512
0.1656471748913561  -4.485062305348642
0.16840978649522692  -4.491545985643441
0.1711715171642751  -4.511314163063996
0.1733201171967499  -4.517833080751702
0.17577484208010002  -4.53761887686871
0.17853657274914814  -4.557387054289265
0.18160574967130566  -4.5704953644504895
0.18375346876895782  -4.590298779263951
0.18713053241163596  -4.5901049736029655
0.19035365269405374  -4.596562225853083
0.19280925851222658  -4.603063524844335
0.194803915184441  -4.616233500443146
0.19710645857717612  -4.616101360219747
0.19910067478197924  -4.635913584381435
0.20124927481445404  -4.64243250206914
0.2035509372723665  -4.655584858971497
0.20631310840882594  -4.668710787829174
0.2092292229055458  -4.675185658775746
0.21168438825630725  -4.688329206329877
0.2147540056458761  -4.694795267928222
0.21812930741890896  -4.721170456518749
0.22104454098080611  -4.7409298245910785
0.2235001467989789  -4.747431123582329
0.22580269019171395  -4.74729898335893
0.22825785554247546  -4.7604425309130605
0.2300998902566636  -4.760336818734341

