0.0017697328695528564  -1.2198509571039713
0.0049910912823253745  -1.2528772036056028
0.007600199993347184  -1.2593696932486287
0.009901862451259638  -1.272522050150985
0.012203965376583428  -1.2790321584904638
0.013738113370250847  -1.2922285621339542
0.01573277004246529  -1.3053985377327644
0.017727426714679723  -1.318568513331574
0.019722523854305507  -1.3250962403675066
0.02355877477329671  -1.3448027523504753
0.0258608776986205  -1.351312860689954
0.028162540156532967  -1.3644652175923104
0.029850631510460718  -1.3710105633246963
0.03261236217950887  -1.3907787407452514
0.03598810441995305  -1.4105116807729
0.03828932641045418  -1.4303062862381348
0.04059098886836664  -1.443458643140492
0.04243214264773208  -1.4566374280875287
0.04458030221279552  -1.469798594338112
0.0464218964595723  -1.476335130722271
0.04749597624210401  -1.482915713847563
0.049951582060276806  -1.4894170128388144
0.05194667919990259  -1.495944739874747
0.05409483876496603  -1.5091059061253302
0.056396501222878495  -1.5222582630276875
0.05915823189192665  -1.5420264404482422
0.06253441459978218  -1.5551171319130126
0.065756213479966  -1.5815011298517665
0.0694389615061082  -1.6012164511829616
0.07189368638945835  -1.6210022472999701
0.07480980088617817  -1.6274771182465422
0.07757197202263764  -1.6406030471042192
0.0800271373733991  -1.6537465946583496
0.08186829115276455  -1.6669253796053867
0.084323456503526  -1.680068927159517
0.0864720565360008  -1.6865878448472218
0.08877371899391324  -1.699740201749579
0.09138238723752372  -1.7128749399554826
0.09383799305569653  -1.7193762389467349
0.09567914683506197  -1.732555023893772
0.09752030061442739  -1.7457338088408085
0.09966846017949084  -1.7588949750913923
0.10197056310481466  -1.765405083430871
0.1038121573515914  -1.7719416198150295
0.10534674581267016  -1.7784957748956414
0.108261538907156  -1.8048973915308482
0.11041101987445341  -1.7981318120927967
0.11255917943951686  -1.81129297834338
0.11486128236484065  -1.8178030866828592
0.11685549856964376  -1.8376153108445474
0.11931110438781657  -1.8441166098357997
0.12053824659578598  -1.857330632175743
0.12191977263142705  -1.8572513480417032
0.12376136687820381  -1.8637878844258617
0.12514201197902225  -1.8769930974175786
0.1269831657583877  -1.8901718823646156
0.12851775421946643  -1.8967260374452275
0.13081985714479022  -1.9032361457847058
0.1328145138170046  -1.916406121383516
0.13465610806378142  -1.9229426577676745
0.13787922834619926  -1.929399910017794
0.1407944619080964  -1.9491592780901223
0.14324962725885787  -1.9623028256442523
0.14570523307703065  -1.968804124635505
0.1478529521746828  -1.9886075394489664
0.15076950713881393  -1.9884401618326604
0.15291766670387735  -2.001601328083244
0.15506582626894083  -2.0147624943338274
0.1573674887268533  -2.027914851236184
0.15936214539906773  -2.041084826834995
0.16120418011325582  -2.0409791146562752
0.16289183099977222  -2.0541667089515383
0.16519393392509607  -2.060676817291017
0.16672808191876343  -2.073873220934507
0.16872317905838924  -2.0804009479704395
0.17163973402252042  -2.0802335703541335
0.17378833405499516  -2.0867524880418387
0.1756290473669493  -2.106573521551754
0.17747064161372605  -2.113110057935912
0.1790052300748048  -2.119664213016524
0.18038675611044586  -2.119584928882485
0.18268841856835832  -2.132737285784841
0.18406906366917675  -2.145942498776558
0.18591021744854214  -2.1591212837235947
0.18821232037386598  -2.165631392063074
0.19005435508805407  -2.1655256798843543
0.1915889435491328  -2.172079834964966
0.1931226510753889  -2.1919184871713346
0.19542475400071269  -2.1984285955108125
0.19711284535464046  -2.2049739412431983
0.19880049624115687  -2.2181615355384614
0.200796033848194  -2.2180470140115154
0.20279113098781976  -2.2245747410474475
0.2055541830591019  -2.224416172779368
0.20831591372815  -2.244184350199923
0.21000356461466646  -2.2573719444951865
0.21215172417972994  -2.2705331107457702
0.214300764679616  -2.2704097798705973
0.21629542135183044  -2.283579755469407
0.21829095895886758  -2.283465233942461
0.21967160405968594  -2.296670446934178
0.22120619252076473  -2.3032246020147897
0.22350873591349985  -2.3030924617913904
0.2250428839071673  -2.3162888654348808
0.22642440994280832  -2.316209581300841

